10111000101010111001010000000001
10111000101010111001010000000010
10111000101010111001010000000011
10111000101010111001010000000100
10111000101010111001010000000101
10111000101010111001010000000110
10111000101010111001010000000111
10111000101010111001010000001000
10111000101010111001010000001001
10111000101010111001010000001010
10111000101010111001010000001011
10111000101010111001010000001100
10111000101010111001010000001101
10111000101010111001010000001110
10111000101010111001010000001111
10111000101010111001010000010000
10111000101010111001010000010001
10111000101010111001010000010010
10111000101010111001010000010011
10111000101010111001010000010100
10111000101010111001010000010101
10111000101010111001010000010110
10111000101010111001010000010111
10111000101010111001010000011000
10111000101010111001010000011001
10111000101010111001010000011010
10111000101010111001010000011011
10111000101010111001010000011100
10111000101010111001010000011101
10111000101010111001010000011110
10111000101010111001010000011111
10111000101010111001010000100000
10111000101010111001010000100001
10111000101010111001010000100010
10111000101010111001010000100011
10111000101010111001010000100100
10111000101010111001010000100101
10111000101010111001010000100110
10111000101010111001010000100111
10111000101010111001010000101000
10111000101010111001010000101001
10111000101010111001010000101010
10111000101010111001010000101011
10111000101010111001010000101100
10111000101010111001010000101101
10111000101010111001010000101110
10111000101010111001010000101111
10111000101010111001010000110000
10111000101010111001010000110001
10111000101010111001010000110010
10111000101010111001010000110011
10111000101010111001010000110100
10111000101010111001010000110101
10111000101010111001010000110110
10111000101010111001010000110111
10111000101010111001010000111000
10111000101010111001010000111001
10111000101010111001010000111010
10111000101010111001010000111011
10111000101010111001010000111100
10111000101010111001010000111101
10111000101010111001010000111110
10111000101010111001010000111111
10111000101010111001010001000000
10111000101010111001010001000001
10111000101010111001010001000010
10111000101010111001010001000011
10111000101010111001010001000100
10111000101010111001010001000101
10111000101010111001010001000110
10111000101010111001010001000111
10111000101010111001010001001000
10111000101010111001010001001001
10111000101010111001010001001010
10111000101010111001010001001011
10111000101010111001010001001100
10111000101010111001010001001101
10111000101010111001010001001110
10111000101010111001010001001111
10111000101010111001010001010000
10111000101010111001010001010001
10111000101010111001010001010010
10111000101010111001010001010011
10111000101010111001010001010100
10111000101010111001010001010101
10111000101010111001010001010110
10111000101010111001010001010111
10111000101010111001010001011000
10111000101010111001010001011001
10111000101010111001010001011010
10111000101010111001010001011011
10111000101010111001010001011100
10111000101010111001010001011101
10111000101010111001010001011110
10111000101010111001010001011111
10111000101010111001010001100000
10111000101010111001010001100001
10111000101010111001010001100010
10111000101010111001010001100011
10111000101010111001010001100100
10111000101010111001010001100101
10111000101010111001010001100110
10111000101010111001010001100111
10111000101010111001010001101000
10111000101010111001010001101001
10111000101010111001010001101010
10111000101010111001010001101011
10111000101010111001010001101100
10111000101010111001010001101101
10111000101010111001010001101110
10111000101010111001010001101111
10111000101010111001010001110000
10111000101010111001010001110001
10111000101010111001010001110010
10111000101010111001010001110011
10111000101010111001010001110100
10111000101010111001010001110101
10111000101010111001010001110110
10111000101010111001010001110111
10111000101010111001010001111000
10111000101010111001010001111001
10111000101010111001010001111010
10111000101010111001010001111011
10111000101010111001010001111100
10111000101010111001010001111101
10111000101010111001010001111110
10111000101010111001010001111111
10111000101010111001010010000000
10111000101010111001010010000001
10111000101010111001010010000010
10111000101010111001010010000011
10111000101010111001010010000100
10111000101010111001010010000101
10111000101010111001010010000110
10111000101010111001010010000111
10111000101010111001010010001000
10111000101010111001010010001001
10111000101010111001010010001010
10111000101010111001010010001011
10111000101010111001010010001100
10111000101010111001010010001101
10111000101010111001010010001110
10111000101010111001010010001111
10111000101010111001010010010000
10111000101010111001010010010001
10111000101010111001010010010010
10111000101010111001010010010011
10111000101010111001010010010100
10111000101010111001010010010101
10111000101010111001010010010110
10111000101010111001010010010111
10111000101010111001010010011000
10111000101010111001010010011001
10111000101010111001010010011010
10111000101010111001010010011011
10111000101010111001010010011100
10111000101010111001010010011101
10111000101010111001010010011110
10111000101010111001010010011111
10111000101010111001010010100000
10111000101010111001010010100001
10111000101010111001010010100010
10111000101010111001010010100011
10111000101010111001010010100100
10111000101010111001010010100101
10111000101010111001010010100110
10111000101010111001010010100111
10111000101010111001010010101000
10111000101010111001010010101001
10111000101010111001010010101010
10111000101010111001010010101011
10111000101010111001010010101100
10111000101010111001010010101101
10111000101010111001010010101110
10111000101010111001010010101111
10111000101010111001010010110000
10111000101010111001010010110001
10111000101010111001010010110010
10111000101010111001010010110011
10111000101010111001010010110100
10111000101010111001010010110101
10111000101010111001010010110110
10111000101010111001010010110111
10111000101010111001010010111000
10111000101010111001010010111001
10111000101010111001010010111010
10111000101010111001010010111011
10111000101010111001010010111100
10111000101010111001010010111101
10111000101010111001010010111110
10111000101010111001010010111111
10111000101010111001010011000000
10111000101010111001010011000001
10111000101010111001010011000010
10111000101010111001010011000011
10111000101010111001010011000100
10111000101010111001010011000101
10111000101010111001010011000110
10111000101010111001010011000111
10111000101010111001010011001000
10111000101010111001010011001001
10111000101010111001010011001010
10111000101010111001010011001011
10111000101010111001010011001100
10111000101010111001010011001101
10111000101010111001010011001110
10111000101010111001010011001111
10111000101010111001010011010000
10111000101010111001010011010001
10111000101010111001010011010010
10111000101010111001010011010011
10111000101010111001010011010100
10111000101010111001010011010101
10111000101010111001010011010110
10111000101010111001010011010111
10111000101010111001010011011000
10111000101010111001010011011001
10111000101010111001010011011010
10111000101010111001010011011011
10111000101010111001010011011100
10111000101010111001010011011101
10111000101010111001010011011110
10111000101010111001010011011111
10111000101010111001010011100000
10111000101010111001010011100001
10111000101010111001010011100010
10111000101010111001010011100011
10111000101010111001010011100100
10111000101010111001010011100101
10111000101010111001010011100110
10111000101010111001010011100111
10111000101010111001010011101000
10111000101010111001010011101001
10111000101010111001010011101010
10111000101010111001010011101011
10111000101010111001010011101100
10111000101010111001010011101101
10111000101010111001010011101110
10111000101010111001010011101111
10111000101010111001010011110000
10111000101010111001010011110001
10111000101010111001010011110010
10111000101010111001010011110011
10111000101010111001010011110100
10111000101010111001010011110101
10111000101010111001010011110110
10111000101010111001010011110111
10111000101010111001010011111000
10111000101010111001010011111001
10111000101010111001010011111010
10111000101010111001010011111011
10111000101010111001010011111100
10111000101010111001010011111101
10111000101010111001010011111110
